Nb_executor; nb_cores_per_executor; nb_memory_per_executor;Dimension; Decoupe; Scheduling Time, Execution Time
1; 64; 1g; 150; 2; 15; 0
1; 64; 1g; 150; 2; 14; 0
1; 64; 1g; 150; 2; 15; 0
1; 64; 1g; 150; 2; 15; 0
1; 64; 1g; 150; 2; 14; 0
1; 64; 1g; 150; 4; 20; 0
1; 64; 1g; 150; 4; 20; 0
1; 64; 1g; 150; 4; 20; 0
1; 64; 1g; 150; 4; 21; 0
1; 64; 1g; 150; 4; 20; 0
1; 64; 1g; 150; 6; 32; 0
1; 64; 1g; 150; 6; 28; 0
1; 64; 1g; 150; 6; 27; 0
1; 64; 1g; 150; 6; 33; 0
1; 64; 1g; 150; 6; 27; 0
1; 64; 1g; 150; 8; 35; 0
1; 64; 1g; 150; 8; 36; 0
1; 64; 1g; 150; 8; 36; 0
1; 64; 1g; 150; 8; 38; 0
1; 64; 1g; 150; 8; 36; 0
1; 64; 1g; 150; 10; 53; 0
1; 64; 1g; 150; 10; 59; 0
1; 64; 1g; 150; 10; 55; 0
1; 64; 1g; 150; 10; 51; 0
1; 64; 1g; 150; 10; 52; 0
1; 64; 1g; 150; 12; 118; 0
1; 64; 1g; 150; 12; 71; 0
1; 64; 1g; 150; 12; 67; 0
1; 64; 1g; 150; 12; 70; 0
1; 64; 1g; 150; 12; 66; 0
1; 64; 1g; 150; 14; 157; 0
1; 64; 1g; 150; 14; 85; 0
1; 64; 1g; 150; 14; 95; 0
1; 64; 1g; 150; 14; 81; 0
1; 64; 1g; 150; 14; 81; 0
1; 64; 1g; 150; 16; 243; 0
1; 64; 1g; 150; 16; 130; 0
1; 64; 1g; 150; 16; 117; 0
1; 64; 1g; 150; 16; 133; 0
1; 64; 1g; 150; 16; 139; 0
1; 64; 1g; 150; 18; 317; 0
1; 64; 1g; 150; 18; 174; 0
1; 64; 1g; 150; 18; 181; 0
1; 64; 1g; 150; 18; 177; 0
1; 64; 1g; 150; 18; 186; 0
1; 64; 1g; 150; 20; 393; 0
1; 64; 1g; 150; 20; 228; 0
1; 64; 1g; 150; 20; 211; 0
1; 64; 1g; 150; 20; 215; 0
1; 64; 1g; 150; 20; 202; 0
1; 64; 1g; 150; 22; 455; 0
1; 64; 1g; 150; 22; 246; 0
1; 64; 1g; 150; 22; 280; 0
1; 64; 1g; 150; 22; 253; 0
1; 64; 1g; 150; 22; 246; 0
1; 64; 1g; 150; 24; 555; 0
1; 64; 1g; 150; 24; 287; 0
1; 64; 1g; 150; 24; 318; 0
1; 64; 1g; 150; 24; 281; 0
1; 64; 1g; 150; 24; 282; 0
1; 64; 1g; 150; 26; 674; 0
1; 64; 1g; 150; 26; 367; 0
1; 64; 1g; 150; 26; 413; 0
1; 64; 1g; 150; 26; 363; 0
1; 64; 1g; 150; 26; 335; 0
1; 64; 1g; 150; 28; 766; 0
1; 64; 1g; 150; 28; 429; 0
1; 64; 1g; 150; 28; 424; 0
1; 64; 1g; 150; 28; 486; 0
1; 64; 1g; 150; 28; 433; 0
1; 64; 1g; 150; 30; 856; 0
1; 64; 1g; 150; 30; 588; 0
1; 64; 1g; 150; 30; 533; 0
1; 64; 1g; 150; 30; 499; 0
1; 64; 1g; 150; 30; 578; 0
1; 64; 1g; 150; 32; 1091; 0
1; 64; 1g; 150; 32; 619; 0
1; 64; 1g; 150; 32; 692; 0
1; 64; 1g; 150; 32; 697; 0
1; 64; 1g; 150; 32; 670; 0
1; 64; 1g; 150; 34; 1230; 0
1; 64; 1g; 150; 34; 831; 0
1; 64; 1g; 150; 34; 855; 0
1; 64; 1g; 150; 34; 837; 0
1; 64; 1g; 150; 34; 750; 0
1; 64; 1g; 150; 36; 1345; 0
1; 64; 1g; 150; 36; 904; 0
1; 64; 1g; 150; 36; 951; 0
1; 64; 1g; 150; 36; 922; 0
1; 64; 1g; 150; 36; 907; 0
1; 64; 1g; 150; 38; 1681; 0
1; 64; 1g; 150; 38; 1100; 0
1; 64; 1g; 150; 38; 1008; 0
1; 64; 1g; 150; 38; 1138; 0
1; 64; 1g; 150; 38; 1028; 0
1; 64; 1g; 150; 40; 1870; 0
1; 64; 1g; 150; 40; 1322; 0
1; 64; 1g; 150; 40; 1326; 0
1; 64; 1g; 150; 40; 1228; 0
1; 64; 1g; 150; 40; 1223; 0
1; 64; 1g; 150; 42; 2201; 0
1; 64; 1g; 150; 42; 1367; 0
1; 64; 1g; 150; 42; 1543; 0
1; 64; 1g; 150; 42; 1633; 0
1; 64; 1g; 150; 42; 1411; 0
1; 64; 1g; 150; 44; 2471; 0
1; 64; 1g; 150; 44; 1615; 0
1; 64; 1g; 150; 44; 1579; 0
1; 64; 1g; 150; 44; 1799; 0
1; 64; 1g; 150; 44; 1664; 0
1; 64; 1g; 150; 46; 2575; 0
1; 64; 1g; 150; 46; 1653; 0
1; 64; 1g; 150; 46; 1928; 0
1; 64; 1g; 150; 46; 1820; 0
1; 64; 1g; 150; 46; 1868; 0
1; 64; 1g; 150; 48; 3090; 0
1; 64; 1g; 150; 48; 1820; 0
1; 64; 1g; 150; 48; 2065; 0
1; 64; 1g; 150; 48; 2274; 0
1; 64; 1g; 150; 48; 2000; 0
1; 64; 1g; 150; 50; 3535; 0
1; 64; 1g; 150; 50; 2477; 0
1; 64; 1g; 150; 50; 2348; 0
1; 64; 1g; 150; 50; 2556; 0
1; 64; 1g; 150; 50; 2550; 0
1; 64; 1g; 150; 52; 3918; 0
1; 64; 1g; 150; 52; 2307; 0
1; 64; 1g; 150; 52; 2844; 0
1; 64; 1g; 150; 52; 2408; 0
1; 64; 1g; 150; 52; 2745; 0
1; 64; 1g; 150; 54; 3776; 0
1; 64; 1g; 150; 54; 2488; 0
1; 64; 1g; 150; 54; 3238; 0
1; 64; 1g; 150; 54; 3064; 0
1; 64; 1g; 150; 54; 2843; 0
1; 64; 1g; 150; 56; 4665; 0
1; 64; 1g; 150; 56; 3328; 0
1; 64; 1g; 150; 56; 3131; 0
1; 64; 1g; 150; 56; 3057; 0
1; 64; 1g; 150; 56; 3302; 0
1; 64; 1g; 150; 58; 4768; 0
1; 64; 1g; 150; 58; 3538; 0
1; 64; 1g; 150; 58; 3917; 0
1; 64; 1g; 150; 58; 3935; 0
1; 64; 1g; 150; 58; 3910; 0
1; 64; 1g; 150; 60; 4938; 0
1; 64; 1g; 150; 60; 3440; 0
1; 64; 1g; 150; 60; 3946; 0
1; 64; 1g; 150; 60; 3525; 0
1; 64; 1g; 150; 60; 3714; 0
1; 64; 1g; 150; 62; 6102; 0
1; 64; 1g; 150; 62; 4541; 0
1; 64; 1g; 150; 62; 4738; 0
1; 64; 1g; 150; 62; 4144; 0
1; 64; 1g; 150; 62; 3970; 0
1; 64; 1g; 150; 64; 6591; 0
1; 64; 1g; 150; 64; 4958; 0
1; 64; 1g; 150; 64; 5540; 0
1; 64; 1g; 150; 64; 5096; 0
1; 64; 1g; 150; 64; 5350; 0
