nb_executors; nb_cores_per_executor; nb_memory_per_executor, Execution Time
1; 64; 1g; 3448
1; 64; 1g; 3478
1; 64; 1g; 3511
1; 64; 1g; 3565
1; 64; 1g; 3502
1; 64; 1g; 3439
1; 64; 1g; 3610
1; 64; 1g; 3515
1; 64; 1g; 3537
1; 64; 1g; 3473
2; 32; 1g; 3944
2; 32; 1g; 4021
2; 32; 1g; 3838
2; 32; 1g; 3699
2; 32; 1g; 3659
2; 32; 1g; 3786
2; 32; 1g; 3970
2; 32; 1g; 3962
2; 32; 1g; 3671
2; 32; 1g; 3603
4; 16; 1g; 4129
4; 16; 1g; 4142
4; 16; 1g; 4089
4; 16; 1g; 3844
4; 16; 1g; 3709
4; 16; 1g; 4199
4; 16; 1g; 4129
4; 16; 1g; 3791
4; 16; 1g; 4178
4; 16; 1g; 4205