nb_executors; nb_cores_per_executor; nb_memory_per_executor, Execution Time
1; 64; 1g; 24078
1; 64; 1g; 23819
1; 64; 1g; 23799
1; 64; 1g; 23666
1; 64; 1g; 24113
1; 64; 1g; 23848
1; 64; 1g; 23645
1; 64; 1g; 23916
1; 64; 1g; 23837
1; 64; 1g; 23656
2; 32; 1g; 24178
2; 32; 1g; 24292
2; 32; 1g; 23715
2; 32; 1g; 23630
2; 32; 1g; 23793
2; 32; 1g; 24099
2; 32; 1g; 24367
2; 32; 1g; 24040
2; 32; 1g; 23981
2; 32; 1g; 23962
4; 16; 1g; 23436
4; 16; 1g; 23425
4; 16; 1g; 23820
4; 16; 1g; 24388
4; 16; 1g; 23207
4; 16; 1g; 23255
4; 16; 1g; 24402
4; 16; 1g; 23268
4; 16; 1g; 24368
4; 16; 1g; 24605
