nb_executors; nb_cores_per_executor; nb_memory_per_executor, Execution Time
1; 64; 1g; 3423
1; 64; 1g; 3810
1; 64; 1g; 3418
1; 64; 1g; 3433
1; 64; 1g; 3769
1; 64; 1g; 3499
1; 64; 1g; 3509
1; 64; 1g; 3727
1; 64; 1g; 3700
1; 64; 1g; 3438
2; 32; 1g; 3932
2; 32; 1g; 3865
2; 32; 1g; 3968
2; 32; 1g; 3953
2; 32; 1g; 3898
2; 32; 1g; 3892
2; 32; 1g; 3873
2; 32; 1g; 3901
2; 32; 1g; 3847
2; 32; 1g; 3876
4; 16; 1g; 3947
4; 16; 1g; 3997
4; 16; 1g; 3659
4; 16; 1g; 3932
4; 16; 1g; 3756
4; 16; 1g; 3672
4; 16; 1g; 4049
4; 16; 1g; 4128
4; 16; 1g; 3978
4; 16; 1g; 3589