nb_executors; nb_cores_per_executor; nb_memory_per_executor, Execution Time
1; 64; 1g; 3832
1; 64; 1g; 3752
1; 64; 1g; 3712
1; 64; 1g; 3693
1; 64; 1g; 3795
1; 64; 1g; 3441
1; 64; 1g; 3850
1; 64; 1g; 3714
1; 64; 1g; 3815
1; 64; 1g; 3741
2; 32; 1g; 3909
2; 32; 1g; 3803
2; 32; 1g; 3831
2; 32; 1g; 3795
2; 32; 1g; 3910
2; 32; 1g; 3874
2; 32; 1g; 3711
2; 32; 1g; 3894
2; 32; 1g; 3831
2; 32; 1g; 3799
4; 16; 1g; 3982
4; 16; 1g; 3947
4; 16; 1g; 3894
4; 16; 1g; 3971
4; 16; 1g; 3975
4; 16; 1g; 3621
4; 16; 1g; 3955
4; 16; 1g; 4033
4; 16; 1g; 3922
4; 16; 1g; 3964