nb_executors; nb_cores_per_executor; nb_memory_per_executor, Execution Time
1; 64; 1g; 3695
1; 64; 1g; 3761
1; 64; 1g; 3740
1; 64; 1g; 3703
1; 64; 1g; 3751
1; 64; 1g; 3653
1; 64; 1g; 3733
1; 64; 1g; 3698
1; 64; 1g; 3652
1; 64; 1g; 3594
2; 32; 1g; 3740
2; 32; 1g; 3829
2; 32; 1g; 3702
2; 32; 1g; 3708
2; 32; 1g; 3724
2; 32; 1g; 3754
2; 32; 1g; 3717
2; 32; 1g; 3831
2; 32; 1g; 3799
2; 32; 1g; 3852
4; 16; 1g; 3859
4; 16; 1g; 3954
4; 16; 1g; 3822
4; 16; 1g; 3995
4; 16; 1g; 3951
4; 16; 1g; 3928
4; 16; 1g; 3867
4; 16; 1g; 3986
4; 16; 1g; 3784
4; 16; 1g; 3882