Nb_executor; nb_cores_per_executor; nb_memory_per_executor;Dimension; Decoupe; Scheduling Time, Execution Time
1; 64; 1g; 20; 2; 16; 3057
1; 64; 1g; 20; 2; 19; 2825
1; 64; 1g; 20; 2; 20; 2834
1; 64; 1g; 20; 2; 21; 2853
1; 64; 1g; 20; 2; 18; 2843
1; 64; 1g; 20; 2; 18; 2829
1; 64; 1g; 20; 2; 18; 2850
1; 64; 1g; 20; 2; 18; 2872
1; 64; 1g; 20; 2; 18; 2816
1; 64; 1g; 20; 2; 19; 2811
1; 64; 1g; 20; 4; 29; 3172
1; 64; 1g; 20; 4; 35; 3177
1; 64; 1g; 20; 4; 42; 3164
1; 64; 1g; 20; 4; 35; 3209
1; 64; 1g; 20; 4; 34; 3203
1; 64; 1g; 20; 4; 36; 3154
1; 64; 1g; 20; 4; 36; 3097
1; 64; 1g; 20; 4; 35; 3115
1; 64; 1g; 20; 4; 33; 3209
1; 64; 1g; 20; 4; 33; 3195
1; 64; 1g; 20; 8; 83; 4107
1; 64; 1g; 20; 8; 118; 3961
1; 64; 1g; 20; 8; 117; 4006
1; 64; 1g; 20; 8; 119; 4085
1; 64; 1g; 20; 8; 113; 4086
1; 64; 1g; 20; 8; 98; 4181
1; 64; 1g; 20; 8; 113; 3994
1; 64; 1g; 20; 8; 107; 4039
1; 64; 1g; 20; 8; 114; 4096
1; 64; 1g; 20; 8; 112; 4015
2; 32; 1g; 20; 2; 21; 3549
2; 32; 1g; 20; 2; 18; 2901
2; 32; 1g; 20; 2; 18; 3498
2; 32; 1g; 20; 2; 18; 3183
2; 32; 1g; 20; 2; 18; 3559
2; 32; 1g; 20; 2; 17; 3579
2; 32; 1g; 20; 2; 18; 3210
2; 32; 1g; 20; 2; 18; 3502
2; 32; 1g; 20; 2; 17; 3231
2; 32; 1g; 20; 2; 18; 3273
2; 32; 1g; 20; 4; 31; 3366
2; 32; 1g; 20; 4; 30; 3187
2; 32; 1g; 20; 4; 30; 3356
2; 32; 1g; 20; 4; 34; 3354
2; 32; 1g; 20; 4; 29; 3297
2; 32; 1g; 20; 4; 31; 3292
2; 32; 1g; 20; 4; 32; 3333
2; 32; 1g; 20; 4; 33; 3317
2; 32; 1g; 20; 4; 36; 3388
2; 32; 1g; 20; 4; 43; 3301
2; 32; 1g; 20; 8; 107; 3805
2; 32; 1g; 20; 8; 108; 3913
2; 32; 1g; 20; 8; 99; 3829
2; 32; 1g; 20; 8; 93; 3770
2; 32; 1g; 20; 8; 89; 3743
2; 32; 1g; 20; 8; 94; 3876
2; 32; 1g; 20; 8; 111; 3767
2; 32; 1g; 20; 8; 103; 3818
2; 32; 1g; 20; 8; 90; 3810
2; 32; 1g; 20; 8; 118; 3856