Nb_executor; nb_cores_per_executor; nb_memory_per_executor;Dimension; Decoupe; Scheduling Time, Execution Time
1; 64; 1g; 20; 2; 18; 3296
1; 64; 1g; 20; 2; 14; 3436
1; 64; 1g; 20; 2; 14; 3080
1; 64; 1g; 20; 2; 15; 3337
1; 64; 1g; 20; 2; 15; 3369
1; 64; 1g; 20; 2; 18; 3052
1; 64; 1g; 20; 2; 18; 3365
1; 64; 1g; 20; 2; 18; 3332
1; 64; 1g; 20; 2; 18; 3066
1; 64; 1g; 20; 2; 18; 3071
1; 64; 1g; 20; 4; 29; 3106
1; 64; 1g; 20; 4; 33; 3125
1; 64; 1g; 20; 4; 33; 3219
1; 64; 1g; 20; 4; 41; 3109
1; 64; 1g; 20; 4; 34; 3073
1; 64; 1g; 20; 4; 33; 3060
1; 64; 1g; 20; 4; 34; 3190
1; 64; 1g; 20; 4; 36; 3043
1; 64; 1g; 20; 4; 37; 3081
1; 64; 1g; 20; 4; 38; 3063
1; 64; 1g; 20; 8; 88; 3801
1; 64; 1g; 20; 8; 115; 3803
1; 64; 1g; 20; 8; 121; 3784
1; 64; 1g; 20; 8; 114; 3757
1; 64; 1g; 20; 8; 95; 3791
1; 64; 1g; 20; 8; 119; 3757
1; 64; 1g; 20; 8; 113; 3776
1; 64; 1g; 20; 8; 116; 3822
1; 64; 1g; 20; 8; 116; 3829
1; 64; 1g; 20; 8; 115; 3863
2; 32; 1g; 20; 2; 18; 3524
2; 32; 1g; 20; 2; 17; 3761
2; 32; 1g; 20; 2; 19; 3420
2; 32; 1g; 20; 2; 22; 3781
2; 32; 1g; 20; 2; 18; 3707
2; 32; 1g; 20; 2; 18; 3487
2; 32; 1g; 20; 2; 20; 3783
2; 32; 1g; 20; 2; 17; 3157
2; 32; 1g; 20; 2; 19; 3447
2; 32; 1g; 20; 2; 18; 3823
2; 32; 1g; 20; 4; 34; 3223
2; 32; 1g; 20; 4; 34; 3191
2; 32; 1g; 20; 4; 33; 3188
2; 32; 1g; 20; 4; 34; 3111
2; 32; 1g; 20; 4; 34; 3128
2; 32; 1g; 20; 4; 32; 3125
2; 32; 1g; 20; 4; 35; 3173
2; 32; 1g; 20; 4; 36; 3293
2; 32; 1g; 20; 4; 33; 3259
2; 32; 1g; 20; 4; 35; 3157
2; 32; 1g; 20; 8; 114; 3530
2; 32; 1g; 20; 8; 122; 3535
2; 32; 1g; 20; 8; 113; 3504
2; 32; 1g; 20; 8; 116; 3753
2; 32; 1g; 20; 8; 115; 3613
2; 32; 1g; 20; 8; 115; 3615
2; 32; 1g; 20; 8; 112; 3648
2; 32; 1g; 20; 8; 112; 3575
2; 32; 1g; 20; 8; 116; 3499
2; 32; 1g; 20; 8; 112; 3579