Nb_executor; nb_cores_per_executor; nb_memory_per_executor;Dimension; Decoupe; Scheduling Time, Execution Time
1; 64; 1g; 20; 2; 19; 2906
1; 64; 1g; 20; 2; 22; 2831
1; 64; 1g; 20; 2; 18; 2880
1; 64; 1g; 20; 2; 19; 2840
1; 64; 1g; 20; 2; 18; 2865
1; 64; 1g; 20; 4; 37; 3231
1; 64; 1g; 20; 4; 35; 3275
1; 64; 1g; 20; 4; 34; 3274
1; 64; 1g; 20; 4; 35; 3198
1; 64; 1g; 20; 4; 40; 3227
1; 64; 1g; 20; 8; 118; 4169
1; 64; 1g; 20; 8; 116; 4131
1; 64; 1g; 20; 8; 120; 4125
1; 64; 1g; 20; 8; 118; 3951
1; 64; 1g; 20; 8; 115; 4090
2; 32; 1g; 20; 2; 19; 2920
2; 32; 1g; 20; 2; 20; 2852
2; 32; 1g; 20; 2; 19; 2993
2; 32; 1g; 20; 2; 20; 2899
2; 32; 1g; 20; 2; 20; 2870
2; 32; 1g; 20; 4; 35; 3276
2; 32; 1g; 20; 4; 35; 3270
2; 32; 1g; 20; 4; 41; 3284
2; 32; 1g; 20; 4; 39; 3403
2; 32; 1g; 20; 4; 39; 3267
2; 32; 1g; 20; 8; 146; 3888
2; 32; 1g; 20; 8; 116; 3919
2; 32; 1g; 20; 8; 120; 3717
2; 32; 1g; 20; 8; 118; 3997
2; 32; 1g; 20; 8; 95; 3839