Nb_executor; nb_cores_per_executor; nb_memory_per_executor;Dimension; Decoupe; Scheduling Time, Execution Time
1; 64; 1g; 20; 2; 15; 3100
1; 64; 1g; 20; 2; 14; 2908
1; 64; 1g; 20; 2; 13; 2880
1; 64; 1g; 20; 2; 14; 2921
1; 64; 1g; 20; 2; 14; 2880
1; 64; 1g; 20; 4; 31; 3370
1; 64; 1g; 20; 4; 35; 3430
1; 64; 1g; 20; 4; 36; 3379
1; 64; 1g; 20; 4; 33; 3358
1; 64; 1g; 20; 4; 36; 3378
1; 64; 1g; 20; 8; 111; 3373
1; 64; 1g; 20; 8; 113; 3453
1; 64; 1g; 20; 8; 105; 3446
1; 64; 1g; 20; 8; 118; 3389
1; 64; 1g; 20; 8; 113; 3397
2; 32; 1g; 20; 2; 16; 2979
2; 32; 1g; 20; 2; 17; 3036
2; 32; 1g; 20; 2; 18; 3018
2; 32; 1g; 20; 2; 18; 2967
2; 32; 1g; 20; 2; 17; 3002
2; 32; 1g; 20; 4; 34; 3396
2; 32; 1g; 20; 4; 34; 3444
2; 32; 1g; 20; 4; 32; 3476
2; 32; 1g; 20; 4; 32; 3368
2; 32; 1g; 20; 4; 31; 3482
2; 32; 1g; 20; 8; 114; 3533
2; 32; 1g; 20; 8; 92; 3400
2; 32; 1g; 20; 8; 94; 3547
2; 32; 1g; 20; 8; 93; 3360
2; 32; 1g; 20; 8; 100; 3507