Nb_executor; nb_cores_per_executor; nb_memory_per_executor;Dimension; Decoupe; Scheduling Time, Execution Time
1; 64; 1g; 20; 2; 16; 2761
1; 64; 1g; 20; 2; 17; 2605
1; 64; 1g; 20; 2; 17; 2612
1; 64; 1g; 20; 2; 17; 2581
1; 64; 1g; 20; 2; 16; 2578
1; 64; 1g; 20; 2; 17; 2590
1; 64; 1g; 20; 2; 17; 2571
1; 64; 1g; 20; 2; 16; 2671
1; 64; 1g; 20; 2; 16; 2625
1; 64; 1g; 20; 2; 16; 2634
1; 64; 1g; 20; 4; 28; 2937
1; 64; 1g; 20; 4; 34; 3019
1; 64; 1g; 20; 4; 30; 2951
1; 64; 1g; 20; 4; 32; 2988
1; 64; 1g; 20; 4; 36; 3019
1; 64; 1g; 20; 4; 33; 3007
1; 64; 1g; 20; 4; 38; 2981
1; 64; 1g; 20; 4; 42; 2963
1; 64; 1g; 20; 4; 36; 3013
1; 64; 1g; 20; 4; 35; 2957
1; 64; 1g; 20; 8; 95; 3797
1; 64; 1g; 20; 8; 117; 3827
1; 64; 1g; 20; 8; 105; 3802
1; 64; 1g; 20; 8; 119; 3699
1; 64; 1g; 20; 8; 116; 3884
1; 64; 1g; 20; 8; 112; 3777
1; 64; 1g; 20; 8; 112; 3821
1; 64; 1g; 20; 8; 117; 3874
1; 64; 1g; 20; 8; 114; 3700
1; 64; 1g; 20; 8; 116; 3868
2; 32; 1g; 20; 2; 18; 3065
2; 32; 1g; 20; 2; 17; 3048
2; 32; 1g; 20; 2; 17; 3157
2; 32; 1g; 20; 2; 18; 3061
2; 32; 1g; 20; 2; 16; 3051
2; 32; 1g; 20; 2; 17; 3126
2; 32; 1g; 20; 2; 16; 3120
2; 32; 1g; 20; 2; 18; 3117
2; 32; 1g; 20; 2; 17; 3187
2; 32; 1g; 20; 2; 18; 3144
2; 32; 1g; 20; 4; 33; 3607
2; 32; 1g; 20; 4; 32; 3671
2; 32; 1g; 20; 4; 35; 3651
2; 32; 1g; 20; 4; 34; 3652
2; 32; 1g; 20; 4; 40; 3645
2; 32; 1g; 20; 4; 34; 3687
2; 32; 1g; 20; 4; 33; 3775
2; 32; 1g; 20; 4; 37; 3749
2; 32; 1g; 20; 4; 36; 3616
2; 32; 1g; 20; 4; 33; 3639
2; 32; 1g; 20; 8; 116; 3708
2; 32; 1g; 20; 8; 112; 3695
2; 32; 1g; 20; 8; 114; 3711
2; 32; 1g; 20; 8; 115; 3750
2; 32; 1g; 20; 8; 121; 3743
2; 32; 1g; 20; 8; 111; 3720
2; 32; 1g; 20; 8; 96; 3718
2; 32; 1g; 20; 8; 112; 3809
2; 32; 1g; 20; 8; 112; 3718
2; 32; 1g; 20; 8; 112; 3800
